Unsupported distorted single-element eigenvalue diagnostic
near_zero_tolerance=7.315928e-07
near_zero_count=3
expected_if_requirement_is_strict=5
observed_eigenvalues=-6.28011821e-15, -1.78445352e-15, 6.05930605e-16, 2.21956269e-02, 3.24755305e-02, 3.59134880e-02, 5.62645284e-02, 7.45884596e-02, 8.78433948e-02, 9.08885114e-02, 9.97681207e-02, 1.19557606e-01, 2.09499231e-01, 2.16981465e-01, 2.74136443e-01, 2.89047721e-01, 6.23258167e-01, 6.63873810e-01, 1.23137817e+00, 8.42600786e+00, 8.88172264e+00, 1.02308892e+01, 2.57167322e+01, 2.67951076e+01, 3.70953868e+01, 7.31592796e+01